Tiempo Radixsort,Tiempo Quicksort
10,79
8,82
10,80
10,78
8,79
11,80
9,78
9,78
9,77
9,80
8,79
10,80
9,80
9,81
10,78
8,80
10,78
9,77
9,76
8,77
8,76
10,77
8,77
8,77
9,77
9,75
8,81
8,81
9,79
9,78
8,85
11,78
9,97
10,79
9,80
9,80
9,80
9,78
10,80
9,79
9,79
9,81
9,77
9,78
9,77
9,79
9,77
9,80
9,81
9,77
9,78
9,95
9,79
9,77
10,92
9,79
9,92
9,83
10,79
8,77
9,79
9,78
10,82
9,77
10,79
9,80
11,80
9,79
9,79
8,84
9,78
8,81
10,83
10,82
10,79
9,81
8,79
10,79
9,77
8,82
11,79
8,79
9,84
9,81
9,80
11,82
8,86
9,78
8,80
9,93
10,78
9,79
9,80
11,81
8,82
10,81
9,79
31,87
9,80
11,96
