Tiempo Radixsort,Tiempo Quicksort
7,125
7,123
6,125
6,127
5,128
6,123
5,125
5,128
6,129
6,124
6,123
6,128
7,125
7,139
6,127
7,126
7,125
6,125
6,128
5,125
7,124
5,127
5,126
6,125
5,126
5,127
5,124
5,122
6,124
7,124
6,124
5,125
7,125
6,127
7,125
6,125
6,126
6,128
7,127
6,124
6,125
7,125
5,126
5,125
6,126
6,126
5,126
6,124
6,127
6,125
7,124
7,125
7,125
5,126
6,125
5,128
6,127
7,126
6,147
6,130
6,128
7,127
6,125
6,125
6,125
6,123
6,122
5,124
6,123
6,125
5,126
6,123
6,123
8,127
5,122
5,123
6,128
6,128
6,124
5,126
6,124
5,123
6,127
6,125
6,125
5,123
7,123
6,125
6,128
6,127
7,128
7,144
7,139
6,129
7,138
7,125
6,128
5,129
7,128
7,123
