Tiempo Radixsort,Tiempo Quicksort
9,78
9,82
10,81
11,83
10,83
8,81
12,83
9,79
9,81
11,77
9,86
10,80
9,80
10,81
9,81
9,81
8,81
9,81
10,81
10,80
10,113
10,80
9,81
9,80
8,80
10,78
8,81
9,78
9,78
8,82
8,78
9,76
8,78
9,78
8,81
9,79
8,79
10,80
9,79
8,80
9,78
9,80
9,80
9,79
8,81
8,77
8,78
9,76
9,80
8,78
9,81
10,81
8,81
9,80
8,80
8,82
8,79
9,80
10,79
9,77
9,79
9,77
9,78
10,81
9,81
9,80
8,78
8,77
9,77
9,79
8,78
14,98
9,78
8,78
9,78
8,82
8,78
8,77
8,81
10,81
10,79
8,79
9,78
8,77
8,78
9,79
9,78
8,84
9,80
8,79
10,78
9,78
8,77
9,79
8,79
8,93
9,80
14,81
8,80
9,79
