Tiempo Radixsort,Tiempo Quicksort
10,83
9,80
10,84
9,83
8,80
9,78
8,78
8,79
12,77
9,78
9,78
10,78
8,79
10,79
10,82
8,79
10,79
8,79
9,79
9,81
8,78
9,78
9,77
10,87
10,79
10,88
10,77
9,83
9,82
11,84
10,82
10,78
9,79
10,80
9,78
9,79
8,83
11,81
9,77
8,76
9,76
9,83
8,82
8,79
9,79
9,82
12,98
11,85
11,84
8,77
9,78
9,77
9,81
12,85
9,80
8,80
9,85
9,81
10,81
10,78
9,79
9,78
9,79
9,78
9,81
10,79
9,77
9,77
10,78
9,93
9,78
9,78
9,76
10,78
9,78
8,76
8,78
9,78
8,79
8,79
8,80
8,76
8,76
8,76
8,77
8,77
9,77
9,106
9,78
9,77
8,79
8,77
8,80
8,77
8,77
8,80
9,82
11,79
8,77
9,81
