Tiempo Radixsort,Tiempo Quicksort
25700,2100
23600,900
22800,800
23100,800
23100,800
23000,800
23300,800
23300,900
22300,900
23300,700
22900,800
22700,900
23600,700
23100,800
23500,900
22800,900
23100,700
23100,800
23800,900
37600,1000
37700,1100
37500,1000
38100,1100
37800,1100
37700,1100
22900,700
22500,900
23000,700
23300,800
23300,800
23100,700
22900,800
39300,3100
36000,1000
34400,1100
50900,1800
51100,1800
51200,2000
22600,900
23100,900
23100,600
22800,800
22400,800
22900,800
22700,700
23000,700
48400,900
22700,800
22800,1100
23600,700
22900,800
31700,2500
41400,900
25200,900
25400,800
24400,900
22600,800
22600,800
22700,700
22600,1000
22900,800
22800,700
22900,900
22800,700
22700,700
22600,800
22800,700
22400,600
23000,800
22500,700
22600,600
22700,800
22700,900
50900,1000
22700,800
22700,900
22800,800
22800,800
22400,800
22300,800
37400,800
22500,700
22700,600
22200,800
22500,800
22400,900
22900,900
23000,700
22700,700
22500,800
22600,900
22500,800
22800,800
23200,800
22200,1000
68100,3600
35000,1000
35300,1000
35600,1100
35300,1100
