Tiempo Radixsort,Tiempo Quicksort
9,113
7,111
9,110
8,110
8,114
7,115
7,112
7,110
8,116
7,114
8,113
8,112
8,117
9,115
8,110
7,127
7,115
7,111
8,108
7,134
7,113
8,111
7,153
7,115
8,112
10,114
8,111
10,115
8,116
9,117
8,115
10,116
7,112
8,111
8,110
8,122
8,113
8,111
7,112
8,129
8,116
7,114
7,110
8,112
7,111
8,115
7,109
8,113
7,113
10,111
8,110
8,111
9,111
7,112
8,109
7,109
9,109
7,110
8,112
8,109
7,111
9,112
9,111
7,109
8,108
8,108
8,109
7,110
7,109
8,113
8,114
8,110
7,111
9,113
8,110
7,111
8,109
7,112
7,110
18,116
8,111
9,114
7,109
7,109
7,108
8,109
7,114
7,114
7,112
9,111
8,110
7,110
7,111
8,112
8,114
9,112
8,115
9,130
8,142
8,109
