Tiempo Radixsort,Tiempo Quicksort
24600,1400
23600,800
26300,800
23700,900
23000,900
23700,900
23900,900
23800,700
24600,900
23100,800
24100,900
23500,800
23200,900
24100,700
23800,700
23700,800
23800,800
24300,800
23700,900
24200,800
23700,800
23400,800
23600,900
24200,800
23600,800
23900,800
23800,900
23800,700
23600,800
24100,800
24200,700
23100,800
23900,700
24300,900
24100,800
23300,700
23900,700
24100,700
23500,800
23600,800
24100,700
24100,800
24000,800
25700,700
23200,800
24300,900
24300,800
23800,900
23200,700
23000,800
23400,800
24000,700
26200,1200
23600,800
23400,800
22900,800
23500,900
23400,700
23700,700
23400,800
23700,800
23300,700
24900,900
23300,700
23000,800
23800,700
24000,800
23100,800
22900,700
22900,800
23600,800
22800,800
23600,800
23100,700
23100,800
22900,700
23700,800
23300,800
23200,800
23600,800
23400,700
23700,800
23400,800
23700,800
23900,700
22700,800
23200,700
23100,1000
23100,800
23000,800
23400,600
23400,900
23300,700
22700,900
23500,800
23100,800
23200,600
23800,700
23300,800
23300,700
