Tiempo Radixsort,Tiempo Quicksort
24800,1400
22900,800
22900,700
40200,1600
37500,1000
50500,1800
52000,1800
52100,1700
22600,900
22900,700
22900,800
22700,900
22800,800
23000,800
22600,700
23000,800
22500,500
22700,900
22900,800
23100,800
22800,700
22700,800
22200,800
23200,700
22900,900
23200,700
23100,800
22300,800
23000,800
22900,800
22900,800
22900,800
22900,700
22600,800
23100,800
22900,800
23300,700
22500,800
22700,700
22900,800
22800,700
22600,800
25900,1100
22600,800
23000,800
23100,700
23300,700
22500,700
58100,3000
54100,2600
51800,1700
79200,3200
33300,1100
23100,700
23000,700
22900,800
22600,800
22500,800
22700,700
22900,800
22600,700
23300,900
22800,800
22900,700
22900,700
22000,700
24500,900
23000,800
22700,900
22500,700
22800,800
22900,800
22000,800
25300,800
22000,900
22300,700
22900,700
22900,900
22500,700
22500,800
23100,800
22300,900
22900,700
22300,700
22800,800
22900,800
22400,700
22700,700
23100,700
22600,800
22500,800
22300,900
22900,800
22600,800
22500,1000
22900,800
22400,700
23200,800
23000,900
22500,700
