Tiempo Radixsort,Tiempo Quicksort
24500,1200
24700,1100
22600,800
22300,800
22400,800
22300,800
22200,900
22300,800
22100,800
21900,800
22100,700
22600,800
22000,600
22400,800
22600,900
22500,700
22000,900
22300,700
22800,900
22900,900
22400,800
22500,800
22100,700
22700,800
22600,800
22300,900
22500,800
22200,700
22400,700
22500,800
22600,900
22100,700
22900,700
22600,800
22300,700
22800,700
22300,800
22400,700
22200,700
22200,700
23000,700
22700,700
22600,800
22100,700
22400,700
22200,700
22500,700
22900,700
22400,800
22700,900
22100,900
22200,800
64200,3300
54800,2100
54000,1800
27200,800
27400,800
27500,800
27500,700
29700,1000
22300,800
22500,900
22200,700
22300,700
21800,700
21800,800
22400,900
22200,800
21600,700
21400,800
22300,800
21800,900
22300,900
22200,700
22400,700
22100,600
22100,600
22200,700
21400,700
22200,700
22400,800
22400,500
22400,800
22400,800
22000,700
22000,700
21900,900
22400,800
32800,900
30800,900
30700,900
31000,900
30700,900
30900,800
30700,1000
21900,600
22300,500
22400,700
22500,700
22100,800
