Tiempo Radixsort,Tiempo Quicksort
23500,1500
24200,1300
23200,700
22500,800
22300,700
35200,1000
22400,800
22500,700
22500,700
22900,800
22500,800
22800,800
27700,800
28300,800
27900,700
27500,800
27800,800
27800,900
27300,900
27900,800
27400,800
30600,800
22300,700
22800,700
22800,700
22600,700
22200,700
22200,800
23000,700
22700,800
22300,600
21800,700
22500,700
22400,800
22300,800
22800,800
22600,800
23100,600
22700,700
22600,700
22800,700
22900,800
23200,800
22700,700
22700,700
22200,800
22300,800
22800,700
22700,900
22200,900
22600,700
22200,600
24900,1200
22100,700
22400,800
22300,800
21600,700
22100,800
21900,700
22600,700
22200,700
22100,700
22100,900
21900,600
22300,700
22400,700
22200,800
22000,800
22200,800
22700,800
73700,2600
50400,1800
51300,2000
52100,1700
52200,1700
54100,1800
24100,800
22100,700
22300,700
22800,800
21900,700
22300,700
22700,700
22100,600
22100,700
22300,800
22300,700
22100,800
22200,800
22000,700
22400,700
22000,700
22200,700
21900,800
22100,800
21900,800
22200,800
22400,800
22300,800
22500,700
