Tiempo Radixsort,Tiempo Quicksort
9,80
8,77
9,128
9,79
8,80
12,80
10,79
10,82
8,78
10,79
10,81
9,80
9,81
9,81
9,78
8,78
9,78
8,79
8,78
10,82
9,84
9,77
9,126
11,78
10,79
9,79
8,79
9,80
9,79
9,78
8,76
8,80
9,78
9,81
10,79
17,87
9,81
8,84
9,81
10,83
12,78
9,79
11,79
9,77
14,105
10,82
8,79
10,78
10,79
10,82
9,79
10,81
10,78
9,79
8,80
10,78
10,80
8,83
10,80
10,81
9,81
10,76
9,78
9,78
8,82
9,77
9,78
9,82
8,77
9,76
9,77
9,82
9,81
9,77
9,77
9,76
9,79
9,94
11,93
9,78
9,79
9,78
9,77
8,81
9,93
9,80
8,82
10,82
9,84
10,81
9,94
10,81
8,77
10,79
9,78
8,78
8,80
8,85
8,78
9,78
