Tiempo Radixsort,Tiempo Quicksort
7,154
5,148
6,147
7,168
6,151
5,152
5,149
6,166
7,149
5,149
5,152
6,149
6,150
5,149
6,150
6,149
5,150
5,149
6,164
7,148
6,150
7,151
6,149
6,145
6,148
6,146
5,148
5,151
5,149
5,149
5,148
6,148
6,147
5,152
6,150
6,150
6,152
6,145
6,147
5,149
6,148
5,151
8,154
6,153
5,150
6,148
6,149
6,149
6,151
5,175
6,151
5,152
7,152
6,151
7,150
6,151
5,151
7,174
5,155
6,156
6,156
5,158
6,151
6,149
6,149
7,148
6,152
6,148
5,150
6,151
5,152
5,151
5,149
6,153
6,151
5,153
6,169
6,147
6,156
5,157
6,148
5,154
6,149
5,149
5,152
6,151
6,148
5,153
6,150
6,152
5,149
6,152
5,152
6,148
5,151
5,153
6,151
6,197
7,159
6,156
