Tiempo Radixsort,Tiempo Quicksort
23500,1200
23700,1100
22500,800
22400,800
22100,700
22900,700
23200,600
30200,2300
22200,900
22400,800
22200,700
23100,700
22300,900
21400,700
22400,600
22400,700
22600,900
22500,700
22600,800
22000,900
22200,800
22200,700
22300,700
22300,800
22100,800
21900,600
22200,600
22400,800
21800,800
22400,700
22200,700
22200,900
22100,800
22200,800
22500,800
21700,700
22300,800
22100,800
22600,800
25700,900
22300,800
22300,700
22200,700
22000,700
22500,800
21800,700
26000,800
25500,700
26500,700
26100,800
26100,800
26500,900
59100,3400
52000,2000
23100,900
22800,800
22900,800
22600,700
22900,700
23300,800
23100,800
22800,700
22400,800
22200,600
22100,900
22000,800
22800,1100
21800,800
22200,600
21800,800
22600,700
22200,800
22000,800
22300,700
22300,700
24100,800
22500,800
22000,800
22600,800
22300,700
22300,700
21700,700
24200,900
22400,800
22400,700
22200,800
21500,800
22100,800
22100,800
22300,900
22300,700
21700,800
22300,900
22400,800
22000,900
21400,700
22200,800
22200,700
21700,800
21900,700
