Tiempo Radixsort,Tiempo Quicksort
8,77
10,78
8,77
9,80
8,80
8,83
10,79
9,79
9,79
8,81
8,80
8,76
8,79
9,79
8,76
8,78
8,80
10,92
9,80
9,78
9,79
9,78
10,80
9,76
9,76
9,77
11,79
8,80
9,77
9,79
9,77
9,77
8,76
9,79
9,76
9,81
9,79
9,79
9,78
8,77
9,76
8,77
9,79
8,77
9,77
9,79
9,77
9,76
9,76
10,79
8,77
10,78
9,77
8,78
9,78
9,78
9,80
9,77
10,78
9,78
9,78
9,78
11,77
9,79
10,80
10,78
9,81
10,80
9,77
9,77
8,76
9,77
9,77
10,78
9,79
8,77
9,76
9,75
8,77
9,79
8,76
9,79
8,78
8,76
10,77
9,77
9,77
8,77
8,77
11,77
9,76
8,79
8,77
9,78
9,76
8,77
9,76
8,79
8,77
9,77
