Tiempo Radixsort,Tiempo Quicksort
25700,1600
23800,900
23800,900
23800,800
23300,800
23800,800
23900,800
24200,800
23400,700
23100,900
23600,800
23800,800
22700,800
23300,700
23700,800
23400,700
23300,700
23700,800
23000,700
23300,700
23300,700
23200,900
23800,800
22800,800
23000,700
23400,700
23800,900
23700,600
23400,900
23400,700
23200,700
23700,700
23700,700
23000,800
23600,800
23300,900
23500,700
23700,800
23200,800
23400,900
23300,800
23300,800
23600,900
23700,900
23400,600
23500,800
23500,800
22700,700
23500,700
22900,700
23800,800
23500,700
26100,1400
23300,800
23000,700
22600,700
23300,700
23600,800
23100,700
22700,800
23400,700
22900,700
23000,800
22400,800
23100,800
23100,700
23200,700
22700,700
23100,600
22800,800
23200,800
23200,800
22800,800
23100,900
23100,800
23000,800
23300,800
23100,700
23000,700
23400,900
22500,800
23200,700
22500,700
23100,800
22900,700
22700,600
23000,800
22600,800
23100,700
22900,800
23100,700
23300,800
22600,800
22900,800
23100,700
22900,800
23000,700
23300,700
22900,700
23100,800
